0.5100051311054236740234759646
0.4706090785786194992227307712
0.2619200563140972146959498429
0.4922911280572861574079393999
0.2512693866329633973479007728
0.003975591290696296446313225192
0.2954791394032170491937218372
0.1460030490554303912245859066
0.09160420577905965721347097219
0.08325205135257883853306100367
0.1375078325627289678133119677
0.07949744726181158609687827967
0.006833345195653087049785799063
0.02877209289385025674582229163
0.02478030820570985576235657624
0.01086958600205929471189068843
0.09438893013524001722543812454
-0.04503540900151419750499996227
0.04364405308165161647323535703
0.01374121341775702040043705843
0.01744967058090266455473265083
0.07189306527759512637680161155
-0.07760835150382059477016377088
0.08427000395445575697335366343
0.04026827293188647413157370998
0.03185649996677836797335088357
0.09805333709037117421719457141
0.006530382006470070476859346737
0.04180907436826053168710591579
-0.04122301051517992235677020210
0.09382597469277569081324639388
-0.04410940363375703414517568997
0.09253581343670193649023476406
-0.004236179883360769986667845128
-0.06278198218850838960592380634
0.03871684901953385171770689248
-0.09554197598774972265456149512
0.1053501675992889881013426627
0.1369113771314467057521726430
-0.004262408657311428530661935482
0.02708431458343852313200484686
0.01698795735230665854520310694
0.04860543772989777031660916095
0.04674757333097108046525830400
0.02036441940841731850834664628
-0.04521542776816805564328450959
-0.02598518474715862484307906656
-0.01574763547722040944530124251
0.05278840699642836667453363800
0.07612690405977557687877542052
0.05990593724986932008875146500
-0.03017273660883719931282077371
0.06647970278543446022040337932
0.1022211479417282956188990569
0.03491933851692763657655386243
0.03389225777436282549828602064
-0.00005204405275085523201114127802
0.003888887744090300181707802054
-0.04554620775592054424865363416
-0.03662882447819795646051207470
-0.06633062258296820310942088234
0.1661372842047839586350885475
0.1287457805668423293268457585
0.01442839094947003874536987163
-0.01625033501959433079132619457
0.07101377752898189420047589919
0.06662707033101776685128874245
0.1388580167876755936561514870
0.005917576678368010880914380232
-0.01412610609105387028758807638
-0.03377501309051485471860955016
0.08055103818294153534472270120
0.05872156690069871610516323920
0.03674251546646003905495267237
0.06076016848252860252657046919
-0.009461026428134990580899545813
0.08849507005332664463269891668
0.007999172158048815154366292415
0.09798838772480800066522848921
0.02858054919304960270134782071
0.01386558165167987647588576874
0.08321781820898754931497968746
-0.01037970654458265636819936886
0.02323562046349030150994115391
0.09747346704658491205736737262
-0.04963849515841973904144641543
0.05685883353869859673350721057
0.04053746012967700559024444242
0.1240783894576404507904730676
0.03519452642542710210760416472
0.01796156547121549701259850287
-0.0007358316720741732265152827434
-0.03547255944974431126149943666
0.01221606056017606021012565460
0.03065222901627443113429855751
0.1788842682924815764065266237
-0.005366187200086846390566130406
0.03295864717528273778672879915
0.01067085127031004714100704762
0.01264122695002832769414595448
0.08756900034428711871904417335
-0.01902331904385852809989302195
0.08819562559351017255397924102
0.05974598443597655977859362389
0.04706269709520894183740622723
0.06868243605576920512223336609
0.04523867902267734604420522314
-0.02569994107532978786106011690
0.01534072380807472612788569266
-0.003375896816655410274986558193
-0.008022565909796108007956017641
-0.04806691362429858132035930618
0.04092412588374636333531192350
-0.04856266526671012380886249819
0.03687409015340577945775265506
0.01995710367531369376331007443
0.06572794531861370523333304677
0.09409686987615004839829037886
0.0009374912807378616359856843507
0.1428548892562569374680260649
0.1115638919421755508838198811
0.03922776742914863442817855033
0.1037645704051390267611080236
-0.005750185359729518728611422234
0.07917808435496469596796871673
-0.01447926120944513274096241963
0.005056256752237270619762098620
0.01674768124306423142693979861
0.01240392725270324761379526327
-0.01525983970970911812927055964
-0.1092632560397928907044776289
0.05106583042231247660902297605
-0.1162015160378301137983821814
-0.01598468460546395882305151625
0.04155366441779532206945299113
-0.002451609195935376133670685592
-0.007877716930090669711844193335
-0.01267726658890682342072135128
0.09333756734471582745102343545
-0.01746228120427940367983888689
0.08703334115731093940549579909
-0.01232623951891954237505648070
0.007832145087182158884121761613
0.1111089147816595779001738579
0.04145702053310823648929535769
0.03354009232651592964634937142
0.08430175394365962125138054879
-0.01709566957756290399812566952
0.02433943734395012168905008616
0.04701900202074256382350842512
0.03011364685472884455269683464
0.03249770534076235981853345070
-0.03818118481051565810124410356
0.003759438538984080780677377340
-0.02811814455654417271805822237
0.06536117409457347679827571799
0.07053996323550063991815595864
0.1083113143684576028016632352
0.07083105617820603387356730395
-0.03977643097846807309093513190
0.08957076810892317956264715927
-0.04627689272982357803694788950
0.01396216665733861964549677782
0.08770639024877671944909404877
0.02005859804356561333202798122
-0.03030133995936332180632417371
0.02422849547662853345120576947
0.07948336487089137022732933107
0.06131900103781810319632481699
-0.04087308047999244140562043952
-0.02438310244574275500173316208
0.1222680649657238824927898582
0.07658719948536302597804035890
0.1094920638877678415353536408
0.01935408938208025973776655067
0.1467038638228265161592841061
0.04828153514797408181400087296
-0.009699770591777937124234255701
0.06803252251400898551143794343
0.05627744729221846267193672183
0.08883701113750226269748180022
0.06698409207157122558379397903
0.1534693787920599265022459218
0.1662995154447574448328446017
0.009016988202068896245113164398
0.04219520328864083713599180249
0.02455287741717869085891799588
0.08710501268240816964877642464
-0.02239331287077378542775087020
0.03193240647915546311935065913
0.03805278423227010494196290512
-0.06954915311609543584656827209
-0.03525738845574522557226925316
0.03612336572435229952775503252
1.000000000000000105384381225
0.02063921034171006655366725499
-0.02935699734098247513026829705
0.04488808094783467125187447303
-0.01864471123878387855411597416
-0.02448408136280248443346937601
0.04352279978366161881620611400
0.1118841816191476558153319268
0.07953554537857065015189331160
0.1064435368294095500659275199
0.02587850336210893925641773444
0.05979928071056447705680347110
-0.04593299540796320284711506246
0.05833782999243342746259996610
0.04113375458560997271620744408
0.1062584934531277382197208140
0.006225164189904708064313300587
-0.007303510408490699437223539441
-0.06559210883889943772728706867
0.08155819160765069712544103172
0.04315519715643449571304680448
0.02763274034792945546810356136
0.06292127000792085220971279477
0.04122453710248313427714891371
0.1337488446664223537537478362
-0.02938238954524990610212941718
-0.02378800212016785745423526912
0.08257330998585964602853014113
-0.04908230071250482966277819191
-0.04414623584217043354562293887
-0.03547091645338555771435702072
0.1478387641893187207764086260
0.1159022875834662469438299255
0.1442216637739427603722589109
0.1207410912042731159062947707
0.1418935633192676901311246611
0.08608378436398817657254858515
0.1615651518887661322047374893
0.1010589904716525599502249699
0.03841257903026611783930982991
0.06537031421729839968724257372
-0.02606303278205509543135235687
0.001331414923207756061784269715
-0.006986452273204238159454640153
0.08570076855940564840992825278
0.07396142534557071898970226739
-0.01537950175436034446423856091
0.003666395169086286977282026328
0.03321697054844685070261499981
-0.002542358333804830065700918738
0.04389500505451952260426331611
0.01723152871890187078537807188
-0.1638577198928258032749345838
0.03177852660489302921643662635
0.02286371996252081003804325172
0.1038235754860258567783904955
0.02234032970727461260325216239
0.1069487571668073665209566057
0.02691349426261580003318296770
0.02442191032434835359218008448
0.02300297214522520394093647225
-0.04936357782748686816683026861
0.05458529133730021444996572134
0.06419319724252825887010743431
-0.01255770592592849721260395709
0.03114602310205083748974952074
0.008130266828911957610619165980
0.01420151551992740337016630069
-0.02246362596497837142987466483
0.03487581823348790085645054828
0.04684412067843028173370659570
0.05681600174528903548780129572
0.03439987298675170972113526992
-0.02581906702806779470311689201
-0.02496136390791666886661403601
0.02072698802719758743095098312
0.06399834353639075721256647744
-0.008958986215143045357688405434
0.03720825506344173035576725023
-0.004405486213977393340390484217
-0.002335582265598736124778963254
-0.004405857885796653830337079194
-0.01041966955571274514237270091
0.04570863296182765688834891495
-0.05213697025244933623732608735
0.006674421052356615275344590681
0.07295950510808962824606927141
0.02881789999044539125363700032
-0.05125227598747964684226295519
0.03805048396091802075297727862
0.01753631124421909403347900279
-0.04636390626277167240432295709
-0.02152772255736330526425936107
0.04881100060125675630950612416
-0.01477916527105719222051083500
0.05698484432549310388701427308
0.07664015826107115677173145963
-0.03405453637308879301712755755
0.01838834563797122110796469355
0.04686002828845659357456034385
0.06257237221574306368700140474
-0.03067671246184980308002984039
0.04425783689187791383678704851
0.03630767485809815329826036671
-0.002282882771223913319978819443
0.02093029252723709970937367129
-0.04316905473946877978862623220
0.004330186100457835238334623218
-0.003796372201029302386868955047
-0.02471312891067779632894933459
-0.02573589978258046024180395921
-0.008940926760624308983707996773
0.04721012694135084703467724111
0.002706729896499790895891797840
0.05753011977925536655992347282
-0.03437761256931260532057483703
-0.002768239799483208778604700432
0.03060050640730865838090612704
0.008196074220624380775290363107
-0.06502389887241735546384140528
0.01481928402337390766254570939
0.02660848957634978645768674753
-0.09782652052070395903618569308
-0.01852585508523485584405709639
-0.07651222126422509171272103864
-0.03658030987818478572610848060
-0.02222591922727449195147108753
0.01791426387053459823106060030
0.08421255528540836542762667459
-0.001155242460445722671230761311
-0.02622327192623630790517935012
0.03679440695730615012301889687
-0.006778586433109706188354620773
0.003851940315402934433907059672
0.02972132621077914387161354237
0.03174004460994471233158471979
0.03955667236634138935294444597
-0.02340796670424443645062727299
0.03548993999764302921553190138
0.005593702155180846549626295277
0.05083828772439769900823321146
0.003103508627801154912047420853
-0.1184824067999503091622298460
0.002181001659666989640392654531
0.02500416182746070776122503539
-0.04743452716504601545107696508
0.03314308778411945788283707686
0.07024080272215612373726633131
0.04495452056802624275949281332
0.01718785062254694612611853385
-0.01333056150162217925128151491
0.006507216358264811671153739259
-0.05156424357962501797477430242
0.02247137818367939644178041286
-0.01327364426095551838221057672
0.04645405628030675360871647865
0.05193536672262704244768951415
0.03373919379602836189467406562
0.03601010906656367424193841833
0.06871935011073333937223845608
0.04117660800874762338281894041
0.08517192200211327199281160698
0.02774602390385739204885158384
0.06093216740180939731475230852
0.002247356815389946174677521603
0.02482011020169791609526848479
0.01649677662073776234964381352
-0.004345501877930613812989967615
0.1069545752146448429441237302
0.04326387652527370367729684722
0.03112817495599206859008216576
0.01688126236619517034507727246
0.06108808286281918907846842292
0.09943032126960951211872804131
0.05256381135385680458462596441
-0.005062636850105659634310215917
-0.02197818670617653230740335087
0.02565880235762259724914911384
0.1526291653605840154906707821
0.02020655618632177437346530381
0.03472408138627550677358102190
-0.0001981443825331398232528066925
-0.05561146477065488002626565184
0.02993976762870708326176142963
0.04523599097025363009561938031
0.1087373648388395973709360003
-0.04197767578103195519706858744
-0.02005872432011584814710611933
-0.09022609167132370679169972669
0.01378126884602427595765826586
0.1726155067378229168754062256
0.04347184271486570106993145972
-0.03815237600335013354858900135
0.09516547513497217972688137006
0.01223343582424018672385483227
-0.03209387152260333230473648641
0.1313031063683788688515387837
0.04773927001807389719206231615
0.03248955984390300791793197799
0.02276346424109750975936486450
0.02715103950057976247485796112
0.04976611634005215932266107761
0.02874029896013344960799408466
-0.04340665051446012946648483111
0.02001213364375554232014484304
-0.05771473777043487655884559686
-0.04877060783004040993375045686
0.00003352997602106851298350307947
0.07544845268199174976551136310
0.02218007666394645098871817319
0.07739604515325918483159280601
0.06353472156218746476693002023
0.06781218586878591122408536619
0.01457238096707655640090098831
0.03500838710634085783518234096
0.07590529287157191961878249138
0.08131998226477124259002216946
-0.05412007749415751218193646064
0.08699550767761584780593963993
-0.02793301597158687266106037242
0.03232462739488398018689024822
-0.01597378444859388656029668770
-0.07347318633270395747852589509
-0.02233504252872812648983759727
-0.05450997247728088609005603311
-0.01657100300745734143597602516
0.01419603047580593134484682759
-0.03207710348723213964428153147
0.008278425664189106495501103373
-0.1045661540315215974591458557
0.02105377025039763046121934310
0.05041634667747765198840447042
-0.07836149657887372430417607517
-0.002206322296154274917819728371
0.09500293176110521110864925532
0.06392232885375337371388298517
0.1563185445095511930596421327
0.01951873911795265278718328887
0.02880029882276755304669993661
0.1241471497285603751288102332
0.03631569932082500674762002130
0.08309317051491740375506960169
-0.02049831793102829751848658456
-0.05287247271284529048679708894
-0.02291781615909105959506537121
-0.01587461289452852615006116895
0.09935079531916790537503936074
0.006048734778829521438496874971
-0.04538510712386074179300183025
0.08146645169440196185913344067
-0.04142132114089307111863157229
0.02315974082190206025249237130
0.01399200916449221595145493693
0.08870874156348001155941743169
0.1018269829064934379770392777
0.04275832085660019124993283281
-0.02803866979538559723470648822
0.1135668400476218300018789496
0.1365932571175913944576608906
-0.02833772127908074486031641628
0.06146214744831530844746437699
0.06683966919574466617464979582
-0.01978076426286029173836197273
-0.07893635623849561366813510732
0.005618776940184683815444575765
0.001777541906698320605248169869
-0.03430676822389962055713610411
-0.07872048345471195327192692631
0.05844611326548615190607575360
-0.07444333441642303054057416493
0.006577045469498626243817324514
-0.02715960801618606693994705932
-0.01260699321174272613712208925
-0.02440866635555032336254819959
-0.05511592478733975230891807850
0.04717293207674206753678435630
0.02185546875744489011683835729
0.1325854081676224268011850438
0.002255819009259575251035090174
-0.03213313728474711915024651561
-0.03046048817314219779971351070
-0.001467107321786244299344258561
0.05922630089938015636363221334
-0.06593737626351013537300119454
-0.03680156601068170880314579609
-0.07563702909470461637668215518
-0.01256044780441719645385494441
-0.07080572278315181771388409394
-0.001335362471977474851237104197
-0.04291660818776039460050607135
-0.1251235025222659278244558465
-0.06812204242856928963342864363
-0.07099362068577761787157609679
-0.05207971455017831411150821531
-0.04903229897621775451639782263
-0.04893806608609178601459285939
0.02875314683669631030893843094
-0.07446887342542341146765239440
-0.03954596905502697389041136885
-0.1031057834192520530138708017
0.03784575330617921860515160983
0.06101681295416523269054384103
-0.09669654009891457022634228798
0.002011018648267038161581225500
-0.08302513534099436795093494661
0.03057646742200089525824610519
-0.002190319931280477034316442193
-0.01529917694922849390628098721
-0.03659654839964535722642350418
-0.09759562858900989010865228386
-0.001343755755178919405341650996
-0.06117953965653956575065403705
-0.07913449662761161702897865638
-0.007690788520300805567472694800
0.01745250892390782201154352099
0.04153663381814544537151206095
-0.003634776711731306043472014002
-0.03347353833448781908494244543
0.004618424203772405557232640911
-0.03893685853963160515991089528
0.03129938100132904537300727264
0.03652634420468090915010509501
-0.1130900296904532785701525873
-0.006452742814472434733486293825
0.03086918102032786712933338175
0.03670723374223686636874444928
0.05814110806556661144677511599
-0.1124194795206831341562437964
0.02386814395618966393255403901
0.01802573086848938967774904711
-0.04223908254989942068714297332
0.06371055225531194113490572629
-0.06279876319532365953591453979
-0.02573953089810716244459366477
-0.006824249424677797879075744923
-0.03577785356382594569737088062
0.07820735911788239243149328160
0.06611100326679065484669187975
-0.01576968053091431562173960551
0.02188088737141402690940114783
-0.006570600610955831804604890353
0.004813989816103400291397439231
-0.004511580159302375724046250576
0.03335953456142183208501755268
0.004851173104750373424725695416
0.01753329055367970968424683211
0.04055332525362357061409360636
0.004315021657868061766001126777
0.004770888166998637314328357354
-0.007363677263365190467539321331
0.04098125650247442668523505898
0.08850862382711670468785997334
0.01623772731575478351767041336
-0.003566856615239090926416457016
-0.04282675329221338574105732282
0.1262603270891188238551963200
0.01453135985260109586743842362
0.1661733405020637029401305609
-0.02670170413992565599732355367
0.09328156692466227456234044189
0.09507989712054506933582641685
-0.07767232751837896056264943176
-0.01585054392276345485590578001
-0.01323455602260599970403129174
0.09391574150761785978177755792
0.008135733531350245502801145607
0.05937050845920518500121566921
0.1260786036465663365240809639
0.07629055657143920081795815694
0.07031291759472347143416436407
0.09136258898428468472225980581
0.08333025191869408803085926831
0.06040080030705574655907462304
0.1196804514498480949711947512
0.07552703112205951864925213994
0.01922146896117870954233688853
0.09801432260279978851662876867
0.04949976037157101919841683409
0.05920465103299793691797677245
0.04485374433281263940251801916
0.03667836154877834778574927161
0.1492111710702337812389434589
0.07707575150449706321805135749
0.1377665683856168756256842942
-0.007913020264017022817770122451
0.005996671457978537077599202315
0.05109348179964207625919804948
-0.03177613495410576074047900153
0.07130285066720989416584226521
0.02159022839362564235027563035
0.01020957766825016594550082930
0.1132119262831922978396799609
0.01720087837341670677273367724
-0.04453748901404819332824910355
0.009713014893754116675537438741
0.02802833805387036521579803839
0.05058502943174554410183686324
0.09465185753404163443686347223
0.08507960215540302344557262619
0.006477693598368803696067637991
0.04867824961365397986699744995
0.01291715032147684366217929121
0.1081992332980451907012819919
0.08926683778302787543535600444
0.06678906423506536619576382138
0.06209664456390701792745275410
0.02113373670180826429547089873
-0.04364146631646473056680356321
0.004729921268513687117818599564
-0.08192193236760372704593920316
-0.009239713258179531272115667965
-0.1012018143400483408570399843
-0.06541685672736738875534604596
0.03641897239204638199222813714
0.005452216803356275191107584682
-0.06051954178352839677006277423
-0.05953919089585886806995286399
0.03222300704518124618320370413
-0.06488875522422227600082409857
-0.1214624581404407828191878002
0.04438716105312805851426345700
0.01487464927503117700029880474
-0.02170715599508355419186898035
0.05049099489024269241471740860
0.07396544175587649833812129607
0.02406861588906002595964098054
-0.03284337056903868927358177909
-0.03075003363786036187803103600
-0.05427087668105172146157769545
0.06645385284086027507607237557
0.01812418727637447531039101976
0.06768708943197250570936517580
-0.02243138082928826414951751355
0.03233381250677795083994443101
-0.05947415190846477033337183175
-0.05937474163558816959431002214
-0.04976717469913276519152047922
-0.003981899199492447577238092881
0.09345355222567791564299917724
0.08429053629237896712189541610
0.01760008531074095823677405565
0.08016206886533850601078781671
0.01932360578995839554743480584
-0.02985488685872859948618000201
0.008184930683764529646855000601
0.02856719835628407882522498708
0.02221276171014158202606129336
0.002897171446281337039238539334
0.05806165281425631275622978932
-0.03378390084137296817977148056
-0.001126909653781314289814191315
-0.04746487754108372305141538254
0.01480982937413022302574152399
-0.01390727274534673354549177306
-0.007604891943880013420668864985
-0.007897932397309351759037762814
0.02499408426348743694684062422
-0.02158890342317060912018417292
-0.01879138422731525343687522544
-0.02878305581028730943166976451
0.02805370270997512939571172457
-0.004700293506747174395288294233
-0.003319600950446510544196941411
0.06983756430993756921002307285
0.009008146642156387178314019183
-0.03449137406222463349629198751
-0.08417769242394815999421604177
0.05375027147922831777072609372
0.01427998818715032846472663326
-0.01535140298679638561626869756
0.1580236393290792027547366508
0.05902999555812250187937933506
0.04326815788344192054850111374
0.06583073237854596802802204763
0.09224531892557529396041963127
0.01195122232672753674592212613
0.1083835199162564783776985768
0.06174455278896929325950265195
-0.08834735632501458516353754554
0.03080786227071884046177890565
0.009222995283136213631640899473
0.01495228335097027219272310910
0.06678906423506537594268939609
0.05199088557575806865810198537
0.1196348383206779944809385691
0.04918245569559138869104864527
-0.06133451495920712556612272313
0.06200054739690836397816583388
0.02895273886954813073459824391
0.08967784939967247109771033962
0.1436569600053655419500122392
0.003291743856903502322477106242
0.01160494597544082775753592586
0.002431258821075002559184953635
0.01714427500063643717016554754
-0.03963236574280404604642052190
0.005747859227454078179821777944
0.05614928839985207894667711450
-0.09019922354809159272003057693
-0.06531587844656267160186284306
-0.07732571998729462970727722434
-0.03122808463902434246023848566
-0.04087832300596591849225621847
-0.02616551335827017891392176114
-0.1225360199352005384402905303
-0.06313847326593484560947485301
0.02780840928624475712413180540
-0.03411959749513468211178010561
-0.008772914421096718861855841460
-0.02866836570697836622804511008
-0.06063470590859146565779374247
-0.02712259231065259422112292366
-0.01332060148111082712458686067
-0.01930908272727599787101876068
-0.03419195775527676335869734480
0.02451143763107578492108168553
0.005238357979220813034961868182
0.01026924111582113818030236533
0.08322104259366098896389447438
-0.02547586879784883999089387586
0.003096250445194975370645509779
-0.01818127143160344453559770131
0.06198295021706197016088930209
-0.002543976055499766887089658892
0.01699715476310966443028046296
0.01383685784135819016772345523
0.05620924563320772831211796328
0.02046865091973587236454123006
-0.07552946620131969782449686185
-0.09287706086119644183486686464
0.02358982606709836699809953090
-0.06092703532722710806025769587
-0.009951798792350674058143383406
0.1149499959118842909443593985
0.0009408676929175964995864872417
-0.008428018031093532338006644895
0.005047138105936445414607889587
0.05807642145118013358827800570
-0.07814735966337300345828357146
0.0005867320422423587150605740332
-0.03896595755291817383804238260
-0.05814314116190460754874060736
0.04759969953656283739616632090
-0.004347940660404222285793150035
0.03875193415587957088653527937
0.01290553436834509775575592157
-0.007911598551400163866377451357
0.06232826191660275914294686953
0.09724156250615963797495915443
-0.03189910888844700447700000903
0.007644449679606942139687263626
0.08153233134905451613297671797
0.04572186889891629176012395883
0.08235464810053735130007377369
-0.01152368370251608455257855762
-0.01160779083522615572042765428
0.03006206127784266973440961334
0.03199398804357510787188802643
-0.08243760236557466470722216844
-0.03976511539016515774783146734
-0.01052297338122362195049973323
0.07838912753174679964511526483
-0.08400218078166398951685960548
0.09168688375839945475797369852
-0.04112265506732374385860252859
0.09471363146070924059301754671
0.04396097047948690218930684174
0.0003028362412180291552301494221
0.06906032656116310339473419611
-0.01017085316002129009985117432
0.03233598232389675254758291835
-0.03905273046957743704060402093
0.002586224347728315980941517874
0.004553005980158379609639819743
0.05797994653485598037996315080
0.01500175696230019349021462986
0.1002531684798664198177566153
-0.01960086857586810883287434121
-0.007395218867211939507996411262
0.03245813462032406051981936414
-0.02581819005334130672339132499
-0.006691733736654496728140298546
-0.01729790901104474448862200089
0.03348139947103728078604480310
0.04528308615616341136194078551
0.03146301221670953734821095911
0.04071230138605714684623540565
-0.1293160612237744649249197381
0.02776594028760587808422612761
0.007408156898779393474072405014
0.03496208400950676817650485195
-0.02146989992286981144255380971
-0.04811356594398908649151583990
0.003149697651882013119716974677
0.02029144460795917416679487411
0.01569432165159992553308451378
0.003614373384185389536786052436
-0.05129266169045533308867903363
-0.08602336040095137623127271538
0.0008950968151367779667113427653
0.06462050216289429029375135171
0.1275708495941265061518037470
0.1202455728470513318725581548
-0.002472830601097462959050499119
-0.04831858011291819819294039216
0.07451804785274302745194191754
0.03401810882692437940887480714
0.1753847892393712914736015859
-0.008246921088216999425748077025
0.03341268350153630947156843539
-0.04995859664444715885970625481
-0.06604702822171866142728340858
0.04838038630958339718757729743
0.07667769575280695090045627258
0.05942110902877801767519103147
0.04930909744492282165844321181
-0.08784921786585477534573450063
-0.01595081438056100208010170635
-0.01443095532433764924709403382
-0.05631234827662374012584008463
-0.009757077695483994854037119935
0.06070476922282280956360357356
-0.1034834295990018691674900102
-0.04540266611425297723964076299
0.04626860101209310946529029924
0.07072838209858083001134415731
0.05087977511525047890261573934
-0.01142327900928975453512647399
-0.003873875997325807747401707992
0.03468658226977618745878869943
0.1515048109398637598468914904
0.03127656714623542767320494435
0.1091949641068085701199479309
-0.01841720009392490991799636389
-0.01220194280488498429245722819
-0.05631234827662374012584008463
0.1139196149514274919513930503
-0.06112872436772782659124419189
0.08495721297484236832723694731
0.1137896748970568617518685229
-0.04997155979292946913743715082
-0.05681185424237413535220437289
-0.04024562665667023168733562851
-0.03418824261893608467798003422
-0.01321657217036466902098998859
0.07975012600551111315009854877
0.1381170040973368673940358548
-0.08082846859868415155338679733
-0.03340031519213176875252570994
-0.04869487593718950942685176853
-0.007801885622279549285332557489
0.04168925432739615745680817921
-0.01798846731251455135010595414
-0.09886661836442718576481121745
0.1087032696659879691365947059
-0.01189162130929842862992177265
-0.1359887111907274309744444887
-0.05631234827662374012584008463
0.001363317276927228563490309653
0.01223377043445042447216288881
-0.02561836587865960826856999628
-0.03711212573195968048620547614
-0.05631234827662374834383615741
0.006048734778829521438496874971
0.03941686729191463282315582193
-0.03462796518555033811369462343
0.02246294353181322041384962535
0.006878351718819562535005637612
-0.05513735043845463579240046392
0.01996733458277270464143261329
-0.1116444482272227865415960953
0.02424804411085075380144359244
-0.06284081696005772244226229262
-0.03211725653600245707316122737
0.04503235180280982793470034408
-0.01609785846598674613896224531
-0.004925224410729661623593344243
-0.04232475247450706901111999532
0.001172778235437499692252962902
-0.06661775797609757917462299052
0.001793863655963501834220338199
0.01746156206455627157599892739
-0.01105478914323505152713444124
-0.002485601695414847541686678017
0.05636428124590546360812491658
0.007875588963848668826500689864
0.01808677875903708354320040769
-0.01548611509487232736407960745
0.005545527423727011967603640126
0.03316696603493363358895798475
0.02182605874928015033928199088
-0.002289991190801439692558777939
-0.01371689553859671319415367136
0.009135793631774859554542602845
-0.01189725856806923396267955917
0.05129758566636648948544956264
-0.007716981672305103992621245136
0.05334412568016476506411080129
-0.03654144828373659100162586302
0.01925785520274191896433979164
0.04387082757842743142310510180
-0.03532987250030839742050553062
-0.02515156837395138756542628843
0.02546713271401016580331765114
-0.02894772813481818768874322359
-0.008905929863139951138976294543
0.005122911795185916355632113188
0.004900649267268631160853883811
-0.03786881987199633325599599279
-0.009301164029657879599262682068
-0.06940033653613573017498768541
-0.01708033315702407508253116673
0.04561740460753263776578356322
0.01369413856148318268514881365
-0.01688008907768479130081493101
-0.06638977021318474316193741242
-0.07727015099583291634975768612
-0.03089237625638133432586360374
-0.06825036574095937213663077335
0.01287498490891372310290879158
-0.009915696158809869449177342542
-0.02265833308826954617426137940
0.05492800652007071692568610544
-0.01577333440190900055041885229
-0.0008659206094472726153724956058
0.06422671981501119635512967958
-0.02675041437441186068567189610
-0.07883554185797207279380477038
-0.04067535456796486917568397626
0.02410999819210568744733488557
0.06803533526077949172612458344
0.08497256722874462833090911978
-0.07825422250922489662457027710
0.08268545137226485308059772877
0.09208509624386080322817491967
0.07473773124786105201628161826
0.08024771255407692068749348566
0.01514072080538042288613277126
-0.006672533516458500073584551236
0.04420231590941316660316410724
-0.01988582118440099576544799275
0.02530367519131515846871572812
0.009468259638603869694043934895
0.03554277415092029015712912846
-0.02429934514333753547738766548
0.04381569021767585091111223188
0.02028981386327679142781717045
-0.05156340386535084805613262725
0.02360249439561335131537880055
0.06680837248067051609891408484
-0.01395263833409295380574229625
0.01922876726510686527782135664
0.02134923070673472603278264690
-0.004343449365961280052348491442
0.04246724083171559400207554415
-0.07703853023892300449365794306
0.03128608141966901976609125839
-0.02150956833932361124459483870
-0.01651547089763914175999801870
-0.03287458182217627402238765730
-0.0001247267690451293855106072489
-0.09501733556976115648678901743
-0.03237092028561656354403013631
-0.03440613541574534713410178841
-0.01188841400502640142861627229
-0.05773462726864401808848064207
-0.1388642275606250820351514107
-0.02824680942799377203848097514
-0.01205500567972469299896675428
-0.08517232545007467915545228620
-0.1258569919786752677235835165
-0.02862006419830440643334822998
0.03777504529204944291752743322
0.05966737436530489386969952036
-0.02225459121890116053599723532
-0.07536168504204876273477136705
-0.03370252979595918622916058133
0.01614831854815890696867201416
-0.04034921555342579439430373521
0.04159252354535637057090025116
0.03367455149225022037773833392
0.05460751761443577223463865983
0.08800209045709740539191679655
0.003116082573432991736218936632
0.03983837684945558907182195081
0.02589610765027081387515337945
0.02740404608652843280117393802
0.1164992787694758465172166961
-0.02472424950380561163726099130
0.03162130160081906442307010306
0.03857262342023945818656066574
0.02131989724168837828017517054
0E+16
0.03468578378203474036826911549
0.01957805288091148169921846830
0.01276780858681018223496867860
-0.03988126325741457100701684455
0.006630279166471886631471691416
0.01701899368628177064233333990
0E+17
-0.007086702248032086279681410858
0.01751654527641444122082112501
0.01335800157680404899447578163
-0.08060271225802533048777410528
0.06504771823412379064247263242
0.05427483045333887537874080019
0.03872702202042805164690741851
0.02163810505550044359387808916
-0.04529593833044555263369801727
0.0001750491089842292389350795118
-0.005310980378943496519270600736
-0.02306451830413055756861862449
-0.04166972680025257127346200662
-0.04722812906675944478443623825
-0.03287518319596728681686852315
-0.06285376807920153398459208427
0.04159250488205295292503045249
0.07821272002644956443684556580
0.02377973096388716355079343534
-0.07302067789764781720290763374
-0.04255743758574427870897654486
0.07468138731180273955659939729
-0.06008949086126281683070033142
-0.01069520615312844791667967969
0.09500908044592297764538598273
0.003917047606768144786768997532
-0.04761353093076587920495784306
-0.02794537850376180040246533460
0.05836407298211590791643459133
-0.01015207168151217029018240011
0.04429517189702756601416839967
0E+17
0.05641932031911166625453463084
0.06319233316510707251925831992
0.04202045757797619027192348097
-0.06290458553225480706623529788
-0.1146002249121180968647898266
-0.09571037954425683147792986189
-0.01160300335436390013068223395
0.06204557963459942506447314677
-0.03045733240577215568470481623
-0.04229698579568392101888629597
-0.04701780687107682757456006599
0.005161600101340478687368614254
0.01166049108031236707390153403
0.04392797018340408480162260464
0.1014110075695651855266702575
-0.01345418183802939116369505256
-0.02165280794713420613861567940
-0.03096515553033074489045459388
0.03020450845070162530751712164
0.08304049862472808161033351807
0.1354123629443033484874431061
-0.07190200065940608417864362097
0.03456079655426843292879018169
0.02197749019851675320591498715
0.05503442910339948065062902609
0.08497173136046021604201633790
0.008930525563172440253508822036
-0.02508231134682528631404946372
-0.02037127208508274389693983117
0.07327540987273006203470439899
0.06324934806323471067397382315
-0.004111192075549934450119870198
0.003757856084834493010285945536
0.04680979551201613943790099794
-0.006863257661658029267843803517
-0.009168130382927710070961874785
-0.1190329452840086012407425083
-0.02083628763756645895808822155
0.07091740246139551952498110721
-0.1148263028729874376400534740
0.02431875234299708896785525567
-0.03216812185929616035047341923
-0.05418156519270761567506897272
-0.08071855729864853679642407337
-0.1278723465535214911401701283
0.09096375551655231290401765047
-0.02302121107494195152989780640
0.04023336256358618478110987629
-0.1188496826376017992179925612
-0.03597492330139878343867328160
0.03677412956988142841737753554
-0.01225384797936199698955853168
0.07575796076551463378592227416
0E+17
0.05630657413424098496655683886
-0.0005869275414637488288867151155
0.03821858936043067001141549935
-0.06496146396220016290132887485
0.001201959006353876093385077449
-0.01445278544047934585769576500
0.04958002769108313957578759389
0.04635382823306640166809138164
0.03609101026919275498118515520
0.08849787498780552060794342971
0.06087701021534107119432688662
0.04266909436642763096513321550
-0.004366245576590017752658890443
-0.04955622654247654852512732618
0.005602250220049000933561366645
-0.03602677167583410057507412901
-0.06110769820281923741853139760
-0.05410719845297950784957517037
-0.02841335380693559392427184212
-0.04675649754874994620864250145
-0.1256011758171693914255184749
-0.07826956025312293548419966489
-0.07416631772553643337131633670
-0.03239815284004214260049227247
-0.009119860193757142647623733564
-0.03220899430364995936675342229
-0.06690337873645152348183110468
0.01714072299450840507415023755
0.03693243636586056622436243437
0.01168652722297308000012745276
0.03440210757555812564618637105
-0.02064607664074681469894062665
-0.1749465782988238210068456306
0.03766868816556285216119363233
0.05335464359013987567755131374
0.07829791229465565309211457965
0.04000256992339476954684803782
0.03945409453964730954431507459
0.03738202049543901099984959117
-0.02837320236048279417369209591
-0.07221361615803898974158104065
0.005238357979220813034961868178
-0.01017457108742061476446297226
-0.05402893796238289870428407586
0.002451654061918078057530886788
-0.001365070497356598665857994513
0E+16
-0.06023202797888882449307901809
-0.04328150099507348254830432422
0.06678906423506536619576382140
-0.05627283169284768523716246882
-0.04786289539400759069356419394
0.05354902759831190571062801961
-0.02716829037091400548531227533
0.02561779147587720322968870790
0.01047110265759664453903940526
-0.05904772375743648459685686143
0.0007807466996995190842470574590
0.07335226245252087971270963793
-0.007070904081426587525345537989
0.02623072284056600188523053456
0.03421255198033165987890217030
-0.01503148534723368351172490251
-0.02573930927659714144556338568
0.001985452619464492959398920625
0.02068869420823102608920440361
0.001258169513846065525194946512
-0.05876098499810124908781928195
-0.04000018092289850084539409786
0.05227649309880706943473436401
0.08113792386466475333163731691
-0.04536640206142911165125273787
-0.1034393628534442455726626527
-0.02670333340374565785303381431
-0.02738476297284379958152724386
0E+18
0.08378974868540387837477552023
-0.1312637677895546356481943710
0.006681066157146796998024173283
0.004415076513548179821769156226
-0.09760213938130431920140648493
0.03732878883079312690602545736
-0.002509171807859710073682470994
0.0009042265385876774022307758620
0.009081111620993777478903631021
-0.1016346941339188732914418842
0.003358316060093618879629664835
-0.04588968146622857422804398157
-0.05409899732177397950020773870
-0.04213613893593874285769550196
-0.0001641080803165310419152958943
0.03545515444639623667765325212
-0.04312273206736662451465590445
-0.06001508890186130509876718649
0.009171125739883219302632797645
0.02043436148303935955962009106
0.05566101923140075399961730562
-0.01459926419432741718548849512
-0.05108222154144509813782524562
0.02716661632119607231176310002
0.006513792413065184889956162598
0.003341968467429187301257436625
0.04127070470976902197498617939
-0.04425128445620728206591045058
-0.003117835647321435449675965601
-0.07550330607704505636297755253
0.02954200483478776005825325576
0.07501525447905244088756535174
0.1156820526451145916506677273
0.01999166911189665329235209432
0E+17
-0.03046152970471447690558172373
-0.02688681841415564802482889302
-0.008991123669887108252767085793
-0.006998289010911596211716324076
-0.03136391549136508371585042874
-0.03871780974930860005989314666
-0.06959988425529666672772138755
0.04134370424620122955662282764
-0.002452513027893780536310643600
0E+16
0.02074642469579995594637944168
-0.02994343088272090477882151387
-0.02183113188004013488516819560
-0.007444460784970557864585372002
-0.09326342278032700985849790237
0.08057969249227215202815508658
0.07212455646675960128762179774
0.01529394632899949971458054563
0.1124501746177420496928042986
-0.07668986932913734859639473895
0.03326691811669926376489149633
-0.001721183672087247299882545846
0.05889485773918426375405450026
0.1163709415454849396857893196
0.09954791149473401919521504261
0.05648649691963402709517974673
0.005484877998678026004167399400
-0.01339071895767229339175580933
-0.01477781800486760246792064021
-0.01441932587443074346089786305
0.1027200067413827236995301748
-0.05277704067237431114297532721
-0.01145301693333713312558756043
-0.04082676649340629974631179205
-0.004320277175189676673207913582
0.02051672301710098268547171494
0.1795689416638940107922169995
-0.02984650496333885605833971526
-0.02126459771945736920643727809
0.1068375041355143746070700434
-0.01583250216504377488592257075
-0.01828838938989074869466590247
0E+16
0E+14
0E+18
0E+14
-0.01330492901426081152292153150
0.03403979403898659251274022994
0.006586568850067402316962587641
0E+16
-0.04217379858518721988335421477
0E+16
0.08333416557863309550320786418
0.05271197224231945286560205716
0.03297197295383950414498700946
0.009821532919708821630497180418
-0.07020356873127534134999781346
-0.02257769700358949557412427257
-0.07541365525637944076863793771
0E+16
-0.1063481204888852154113438150
0.04078994052139894741295970564
0.02325673134126743423472848658
-0.02160589768324040998751676469
-0.04378279115379771094057730360
-0.04231540576018704231721701603
-0.03459309020499663367296716866
0E+17
0.04505279526839402700244320416
0.01543235061330728643118345793
-0.06859940866505954307146461337
-0.02365438218331193122446230661
-0.01302961474134345872309695107
-0.0003698153635523225907724613780
-0.002166164871031657035071523389
0.001315344386157952661849555360
-0.01276531306153169244596288897
-0.09258921315187663659035143876
0.008880067696238630988928483511
0.07487451443316618329131180382
-0.02240379858602738551166902547
0.03700624477967204618565713838
0.01487709535114824090748463461
0.03969435296464635513636097431
0.03859404020616871411649252032
0.001646817632621131398853430678
-0.04677381277680625635569929462
0.001816250838156405703394868014
0.04013782071550346711324192487
-0.09052660721570385114520093364
0.003032586999267202252012248103
0.01182768919921261870383103694
0.005545235358210975813810374916
-0.005056010042431166905696697157
-0.04094534023048859446408018637
0.006057314509863017003529472154
0.05468451786628490544179547348
0.05642455690161247996147181224
0.08958789371683062759198846483
0.09197236038353232597432326637
0.04015864506149566727639142690
0E+17
-0.007804100719721166666861786146
0E+10
-0.06225447805866217042154232149
-0.001395308823084259987908995782
-0.07533599135927453197160410723
0.02631722535428338538616931538
0.05723264400165574010729458184
0.01379467882599090085895703652
0E+14
0.06483377671411162547337626076
0.01613806233628994900632553750
0.01841056602595250385938954611
0.06678906423506536619576382138
0.02983092993189583176364513284
0.04722700022971863339721158150
0E+16
0E+18
-0.05569331503464434553349713645
0.03360148793254151387577157221
-0.04386296829179958142696954608
0.05153173120837619417256032727
-0.003033900042317893905365421625
0.01279705437318130783552148588
0.01416242134087282070167042478
0.02722788650400903903097624271
-0.04231540576018704231721701603
0E+16
0.005083140852400292150836609661
-0.04691909870270771137535069881
0E+16
0.001793364723352839085436690351
0E+16
0E+14
0E+17
-0.05552967056238764378768718025
0E+16
-0.08114003143994645730349733908
-0.02605168619433572213766532170
0.06337957606095115289460765789
-0.05945450943657526509120726535
0.04722700022971863339721158150
-0.04132153977332406907450908714
-0.004922177611665755325113299269
0.06669138553124775820592080639
0.01579594521534397264174812175
0E+16
0E+16
0E+16
0E+16
0E+16
-0.02178488451892158743112004364
0.06337957606095115289460765789
0.02482064056156277032053857133
0E+17
0E+16
0E+16
-0.05038332240690580824742673083
-0.04237895796428002199375377310
0E+16
-0.06889081764482701764439786447
0E+19
-0.007243996826202548176056358090
-0.02901272002949600072925032571
0E+17
0E+15
0.04722700022971863339721158150
0.004686820689014493790458300400
-0.04111535600419211355696166871
0E+18
0E+16
0E+16
0E+17
0E+16
0E+13
-0.02875633427714619496497331084
-0.05620966394545752978642595654
-0.03312403740712446747418508402
0.05975696378493479582834333199
0E+17
0E+16
0E+16
-0.01009989437224398608877833564
0.03782054194899198057066007622
0.002198162508819620696313878500
-0.06508020638844714641460827001
-0.01945470707876400248255516680
-0.03660471268833233456989269880
0E+16
0.01485827091963023877727877570
0.004628601886237883903574201537
0.02007932253074783363819571345
0E+17
0.06485792014161478941031833182
0.03568398230833867068167799498
0.01379457824130511251145081837
0.05647783887956473156160455955
0E+18
0.01567546931833949116442998649
0.0009831866359472908890415101078
-0.06592052139275681814121712018
0.008514737412634294222387494833
-0.02546236852044373086870130365
-0.04773777117669061462740390051
-0.08876902952082390026174098440
-0.03516779756666079419642478230
0.01007924115895563730819648694
-0.04648930801224056343666278908
-0.08281361120661642540968061830
0.002572380312457358768059934517
0.001021282660684778363391436778
0.01118882933318965999507468865
0.008901290272137496821650724873
-0.08736244015907520294573771903
-0.05398239695921512927060886058
0.04460941899386772060891445260
-0.07427388792463961327158866534
-0.01044366487532823974344652416
-0.03024267786423637072418921752
0.03806195968268064405630095382
-0.01856981066187349064334898717
0E+15
0.02888892991129277415973679695
0.06575170406354514394085776530
0E+16
-0.03273314805185317121201607898
0.09620156048443775151614384614
0.004271041020236712004859018494
-0.03467958257884387049696518592
-0.006335440784680807023738383668
-0.01593906312171574621334291056
0.02246294353181322041384962535
-0.02917583200481343661802321898
-0.02748103631102224634414895238
0.001823339773836480844722266821
-0.04059334948507561702375680315
0.01567546931833949116442998649
0.04597935114930299247198182568
0.07895091531404398132969046108
0E+19
0E+18
0.03770593869632544095952084345
-0.02258870355878621299403360102
-0.07808479373834209763533513688
0.01872309953415447926468757966
-0.04091389805641234093315589888
0.01213538084028850343536995677
0.01145879259169039046649119671
0.01822364226733085990300738494
0.01365592252442465888947336445
0.05136457265469425166962580380
0.1120090267576046560553472028
-0.1256492983274850219807753828
-0.02918999777519488571318836517
-0.1178630545324683104870989338
-0.02865289307647806235592034981
-0.1109739088831435248203978476
-0.06058955083526196342045238453
0.01366593283613888265923479362
-0.1178630545324682932866420372
-0.1178630545324682932866420373
-0.06351090265579884142305096346
-0.06533861647576573982254602087
-0.1478823970384693049419448942
-0.1178630545324683104870989338
-0.1178630545324682932866420372
-0.1150415194828122162048852007
-0.1178630545324683104870989338
-0.1178630545324682932866420373
-0.05722474200101457298872984306
-0.09205273760680888580353339839
0.03451775062091032555410343324
-0.02729756902941401058626943860
-0.04503831958467878843908181523
0.003704078449389697081410530452
-0.03524932050921963440592570787
0.04320913627045398511203945151
0.09155492150186897664262579104
0.05382193289596957664311607436
0E+17
-0.01609425669312492277171441534
-0.01206026046485306284221525595
-0.04376245603429409157426961356
0.005238357979220813034961868183
0.002903938510034032881002045294
-0.02790593446706517586581629322
-0.03350101548440393132228303711
-0.06217440995170922761920088302
0.03451775062091032555410343324
0.06678906423506536619576382140
0.02529409884108657854573777026
0.06852195629380777908224597394
-0.01794315362294696187373981639
0.005238357979220813034961868180
-0.05441802503463442871825370531
0.05641932031911166625453463084
0.04463624536081408921320471488
-0.01406517450183658372867187154
0.01817190852196389762606357656
0.005238357979220813034961868182
0.005238357979220813034961868180
0.005238357979220813034961868183
-0.04830553356575084776269063059
0.02813745721306235743046615708
0.005238357979220813034961868180
0.005238357979220813034961868183
-0.1371498621800711603003507506
0.007408156898779394162821060898
0.005123588964215362388944636164
0.03451775062091032555410343324
-0.08510709677390962451423169430
0.004191620388004431998112797921
0.005238357979220813034961868183
-0.1384663171283642642605463078
0E+18
0.004802340975843910676511417604
-0.03956623135009796238453097668
0.005238357979220813799426619138
0.02938649941916933140175050517
-0.04259346598966605581423139266
-0.06502389887241735546384140532
-0.02882095049543982246208195682
0.06678906423506536619576382140
0.06116498461409980535535011029
0.02938301566573271430230595701
0.05737428815252672768261483356
0.02983092993189583176364513284
0E+18
0.03863289009675349197637166821
0.08223888533988252544911065356
-0.1306050338767774978507380503
-0.1012446980854735914502304319
0E+14
-0.05631234827662374012584008462
0.03599597849205252181219878850
0E+17
-0.03441869460214292647773512319
0.01862190429007034895065836803
-0.02973181820371503221991462800
-0.03981884333093923992313917649
0E+14
0.001085907486874835924409614752
-0.1266267494325968768353240138
-0.1794137607883128464474439901
0.006546151471816915875373805814
-0.02948758204679391950246328069
0.02427339106320984085374604088
-0.02628328063169726094524802593
-0.06649818351555930079043714240
0.007114146258059798598381333090
-0.1178630545324683104870989338
-0.07948328707290957762779124520
0.02718242844592745562497743000
0.06678906423506536619576382138
0.02983092993189583176364513284
0.06678906423506536619576382138
-0.02055239247500997648378159799
0.09445400045943727167305947769
0.02106676149126382026907043791
0.1070519469250160120450339849
-0.08400218078166398951685960538
0.03460539541098340826291704354
0.01478632049704768626283984974
-0.03237092028561656354403013631
0.06678906423506536619576382138
0.01168022808997691698874792712
0.06678906423506536619576382138
-0.08513068361808393236880768216
0.06678906423506536619576382138
0.06678906423506536619576382138
0.06678906423506536619576382138
0.06678906423506536619576382138
0.06678906423506536619576382138
0.06678906423506536619576382138
0.06678906423506536619576382138
0.06678906423506536619576382138
0.06678906423506536619576382138
0.06678906423506536619576382138
0.06678906423506536619576382138
0.06678906423506536619576382138
0.02122120318869024115716214716
0.06678906423506536619576382138
0.06678906423506536619576382138
0.06678906423506536619576382138
0.06678906423506536619576382138
-0.03237092028561656354403013631
0.06678906423506536619576382138
0.06678906423506536619576382138
0.06678906423506536619576382138
0E-29
0.06678906423506536619576382138
0.06678906423506536619576382138
-0.03850570182701319161516801798
0.06678906423506536619576382138
0.06678906423506536619576382138
0.02106676149126382026907043791
0.01392762548693696582281611670
0.02106676149126382026907043791
0.03406710978132867928223305591
0.06177206539457342544886610727
0.005238357979220813034961868182
0.09387386160276613228132777637
0.005238357979220813034961868183
0.005238357979220813034961868180
0.03397107906993083436930520775
0E+15
-0.1178630545324682932866420372
0.01391390638764047925384050232
0E+16
-0.02896038796836906035270092085
0.005238357979220813799426619136
0E+14
0.02553348837889173597738123176
0E+15
-0.02313304528615963047734603262
0.03369848223165961673422176713
0.001574848825941006559858487281
0E+10
0E+15
0E+17
0E+14
0.005238357979220813799426619136
0.01151760524224611654489557739
0E+14
0E+16
0E+16
0.005238357979220813799426619136
0.04764260394020512983746005631
0.06678906423506536619576382138
0.002283372381584895283881972447
-0.02948758204679391701267226528
0E+15
0E+14
0.06678906423506536619576382138
0.005238357979220813799426619138
0.01107543384602903484430850254
-0.07725024696673343060462210560
-0.05631234827662374834383615741
-0.04191815010866703363355480396
-0.05631234827662374834383615741
-0.05631234827662374834383615741
-0.05631234827662374012584008465
-0.05631234827662374834383615741
-0.05631234827662374012584008462
-0.05631234827662374834383615741
-0.05631234827662374834383615741
0.005549017795952131635457068352
-0.05631234827662374834383615741
-0.05631234827662374834383615741
-0.03516779756666079419642478230
0.006603715149609252178744329592
-0.02515156837395138756542628843
-0.05631234827662374012584008462
-0.05631234827662374834383615741
-0.05631234827662374834383615741
-0.05631234827662374012584008465
-0.05631234827662374834383615741
-0.05631234827662374012584008462
-0.05631234827662374012584008462
-0.01692962487886582051847873877
0E-29
0E+16
0.005238357979220813034961868180
0.06678906423506536619576382140
0.005238357979220813799426619136
0E+16
0.005238357979220813034961868181
0.005238357979220813034961868183
0E+16
0E+14
0E+15
0.006048734778829521438496874728
0E+15
0E+15
0E+18
0E+18
0E+15
0E+18
0E+16
0.003704078449389696737036202354
0E+18
0.06678906423506536619576382140
0E+18
0E+15
-0.05631234827662374834383615741
0E+16
0E+18
0E+15
0.005238357979220813799426619138
-0.05631234827662374834383615741
